      TIME       MSD_x       MSD_y       MSD_z      MSD_xy      MSD_xz      MSD_yz     MSD_xyz       STD_x       STD_y       STD_z      STD_xy      STD_xz      STD_yz     STD_xyz        N_eff
1.25000e+01 2.41197e+03 0.00000e+00 0.00000e+00 2.41197e+03 2.41197e+03 0.00000e+00 2.41197e+03 2.15742e+01 0.00000e+00 0.00000e+00 1.52552e+01 1.52552e+01 0.00000e+00 1.24558e+01 1.00000e+00
3.75000e+01 2.74150e+03 0.00000e+00 0.00000e+00 2.74150e+03 2.74150e+03 0.00000e+00 2.74150e+03 2.45222e+01 0.00000e+00 0.00000e+00 1.73398e+01 1.73398e+01 0.00000e+00 1.41579e+01 1.00012e+00
6.25000e+01 5.49830e+03 0.00000e+00 0.00000e+00 5.49830e+03 5.49830e+03 0.00000e+00 5.49830e+03 6.02340e+01 0.00000e+00 0.00000e+00 4.25919e+01 4.25919e+01 0.00000e+00 3.47761e+01 2.00000e+00
8.75000e+01 8.02056e+03 0.00000e+00 0.00000e+00 8.02056e+03 8.02056e+03 0.00000e+00 8.02056e+03 1.03098e+02 0.00000e+00 0.00000e+00 7.29016e+01 7.29016e+01 0.00000e+00 5.95239e+01 2.92698e+00
1.12500e+02 8.78467e+03 0.00000e+00 0.00000e+00 8.78467e+03 8.78467e+03 0.00000e+00 8.78467e+03 1.17108e+02 0.00000e+00 0.00000e+00 8.28081e+01 8.28081e+01 0.00000e+00 6.76125e+01 3.17420e+00
1.37500e+02 1.09932e+04 0.00000e+00 0.00000e+00 1.09932e+04 1.09932e+04 0.00000e+00 1.09932e+04 1.63295e+02 0.00000e+00 0.00000e+00 1.15467e+02 1.15467e+02 0.00000e+00 9.42781e+01 4.01182e+00
1.62500e+02 1.36807e+04 0.00000e+00 0.00000e+00 1.36807e+04 1.36807e+04 0.00000e+00 1.36807e+04 2.25467e+02 0.00000e+00 0.00000e+00 1.59429e+02 1.59429e+02 0.00000e+00 1.30173e+02 4.99177e+00
1.87500e+02 1.59746e+04 0.00000e+00 0.00000e+00 1.59746e+04 1.59746e+04 0.00000e+00 1.59746e+04 2.83068e+02 0.00000e+00 0.00000e+00 2.00159e+02 2.00159e+02 0.00000e+00 1.63429e+02 5.80006e+00
2.12500e+02 1.71021e+04 0.00000e+00 0.00000e+00 1.71021e+04 1.71021e+04 0.00000e+00 1.71021e+04 3.14616e+02 0.00000e+00 0.00000e+00 2.22467e+02 2.22467e+02 0.00000e+00 1.81643e+02 6.26428e+00
2.37500e+02 1.91885e+04 0.00000e+00 0.00000e+00 1.91885e+04 1.91885e+04 0.00000e+00 1.91885e+04 3.73712e+02 0.00000e+00 0.00000e+00 2.64254e+02 2.64254e+02 0.00000e+00 2.15763e+02 7.03924e+00
2.62500e+02 2.19003e+04 0.00000e+00 0.00000e+00 2.19003e+04 2.19003e+04 0.00000e+00 2.19003e+04 4.53389e+02 0.00000e+00 0.00000e+00 3.20594e+02 3.20594e+02 0.00000e+00 2.61764e+02 7.97137e+00
2.87500e+02 2.37247e+04 0.00000e+00 0.00000e+00 2.37247e+04 2.37247e+04 0.00000e+00 2.37247e+04 5.14024e+02 0.00000e+00 0.00000e+00 3.63470e+02 3.63470e+02 0.00000e+00 2.96772e+02 8.74211e+00
3.12500e+02 2.54767e+04 0.00000e+00 0.00000e+00 2.54767e+04 2.54767e+04 0.00000e+00 2.54767e+04 5.69557e+02 0.00000e+00 0.00000e+00 4.02737e+02 4.02737e+02 0.00000e+00 3.28834e+02 9.31446e+00
3.37500e+02 2.72555e+04 0.00000e+00 0.00000e+00 2.72555e+04 2.72555e+04 0.00000e+00 2.72555e+04 6.33361e+02 0.00000e+00 0.00000e+00 4.47854e+02 4.47854e+02 0.00000e+00 3.65671e+02 1.00719e+01
3.62500e+02 3.00530e+04 0.00000e+00 0.00000e+00 3.00530e+04 3.00530e+04 0.00000e+00 3.00530e+04 7.27895e+02 0.00000e+00 0.00000e+00 5.14699e+02 5.14699e+02 0.00000e+00 4.20250e+02 1.09499e+01
3.87500e+02 3.18005e+04 0.00000e+00 0.00000e+00 3.18005e+04 3.18005e+04 0.00000e+00 3.18005e+04 7.96074e+02 0.00000e+00 0.00000e+00 5.62910e+02 5.62910e+02 0.00000e+00 4.59614e+02 1.17031e+01
4.12500e+02 3.39304e+04 0.00000e+00 0.00000e+00 3.39304e+04 3.39304e+04 0.00000e+00 3.39304e+04 8.72195e+02 0.00000e+00 0.00000e+00 6.16735e+02 6.16735e+02 0.00000e+00 5.03562e+02 1.23440e+01
4.37500e+02 3.56518e+04 0.00000e+00 0.00000e+00 3.56518e+04 3.56518e+04 0.00000e+00 3.56518e+04 9.43982e+02 0.00000e+00 0.00000e+00 6.67496e+02 6.67496e+02 0.00000e+00 5.45008e+02 1.31013e+01
4.62500e+02 3.78012e+04 0.00000e+00 0.00000e+00 3.78012e+04 3.78012e+04 0.00000e+00 3.78012e+04 1.03184e+03 0.00000e+00 0.00000e+00 7.29622e+02 7.29622e+02 0.00000e+00 5.95734e+02 1.39288e+01
4.87500e+02 4.00431e+04 0.00000e+00 0.00000e+00 4.00431e+04 4.00431e+04 0.00000e+00 4.00431e+04 1.12212e+03 0.00000e+00 0.00000e+00 7.93457e+02 7.93457e+02 0.00000e+00 6.47855e+02 1.46832e+01
5.12500e+02 4.19596e+04 0.00000e+00 0.00000e+00 4.19596e+04 4.19596e+04 0.00000e+00 4.19596e+04 1.20276e+03 0.00000e+00 0.00000e+00 8.50478e+02 8.50478e+02 0.00000e+00 6.94412e+02 1.53662e+01
5.37500e+02 4.39093e+04 0.00000e+00 0.00000e+00 4.39093e+04 4.39093e+04 0.00000e+00 4.39093e+04 1.28907e+03 0.00000e+00 0.00000e+00 9.11510e+02 9.11510e+02 0.00000e+00 7.44245e+02 1.61206e+01
5.62500e+02 4.60281e+04 0.00000e+00 0.00000e+00 4.60281e+04 4.60281e+04 0.00000e+00 4.60281e+04 1.38420e+03 0.00000e+00 0.00000e+00 9.78780e+02 9.78780e+02 0.00000e+00 7.99171e+02 1.69190e+01
5.87500e+02 4.73422e+04 0.00000e+00 0.00000e+00 4.73422e+04 4.73422e+04 0.00000e+00 4.73422e+04 1.45483e+03 0.00000e+00 0.00000e+00 1.02872e+03 1.02872e+03 0.00000e+00 8.39948e+02 1.76685e+01
6.12500e+02 4.99204e+04 0.00000e+00 0.00000e+00 4.99204e+04 4.99204e+04 0.00000e+00 4.99204e+04 1.56460e+03 0.00000e+00 0.00000e+00 1.10634e+03 1.10634e+03 0.00000e+00 9.03321e+02 1.83805e+01
6.37500e+02 5.16992e+04 0.00000e+00 0.00000e+00 5.16992e+04 5.16992e+04 0.00000e+00 5.16992e+04 1.65313e+03 0.00000e+00 0.00000e+00 1.16894e+03 1.16894e+03 0.00000e+00 9.54432e+02 1.91332e+01
6.62500e+02 5.36211e+04 0.00000e+00 0.00000e+00 5.36211e+04 5.36211e+04 0.00000e+00 5.36211e+04 1.74898e+03 0.00000e+00 0.00000e+00 1.23672e+03 1.23672e+03 0.00000e+00 1.00977e+03 1.99109e+01
6.87500e+02 5.48341e+04 0.00000e+00 0.00000e+00 5.48341e+04 5.48341e+04 0.00000e+00 5.48341e+04 1.82179e+03 0.00000e+00 0.00000e+00 1.28820e+03 1.28820e+03 0.00000e+00 1.05181e+03 2.06591e+01
7.12500e+02 5.79050e+04 0.00000e+00 0.00000e+00 5.79050e+04 5.79050e+04 0.00000e+00 5.79050e+04 1.95756e+03 0.00000e+00 0.00000e+00 1.38421e+03 1.38421e+03 0.00000e+00 1.13020e+03 2.13913e+01
7.37500e+02 5.96168e+04 0.00000e+00 0.00000e+00 5.96168e+04 5.96168e+04 0.00000e+00 5.96168e+04 2.05041e+03 0.00000e+00 0.00000e+00 1.44986e+03 1.44986e+03 0.00000e+00 1.18381e+03 2.21412e+01
7.62500e+02 6.07979e+04 0.00000e+00 0.00000e+00 6.07979e+04 6.07979e+04 0.00000e+00 6.07979e+04 2.12685e+03 0.00000e+00 0.00000e+00 1.50391e+03 1.50391e+03 0.00000e+00 1.22794e+03 2.29079e+01
7.87500e+02 6.27566e+04 0.00000e+00 0.00000e+00 6.27566e+04 6.27566e+04 0.00000e+00 6.27566e+04 2.23093e+03 0.00000e+00 0.00000e+00 1.57751e+03 1.57751e+03 0.00000e+00 1.28803e+03 2.36566e+01
8.12500e+02 6.58448e+04 0.00000e+00 0.00000e+00 6.58448e+04 6.58448e+04 0.00000e+00 6.58448e+04 2.37718e+03 0.00000e+00 0.00000e+00 1.68092e+03 1.68092e+03 0.00000e+00 1.37246e+03 2.43999e+01
8.37500e+02 6.77563e+04 0.00000e+00 0.00000e+00 6.77563e+04 6.77563e+04 0.00000e+00 6.77563e+04 2.48334e+03 0.00000e+00 0.00000e+00 1.75599e+03 1.75599e+03 0.00000e+00 1.43376e+03 2.51471e+01
8.62500e+02 6.87002e+04 0.00000e+00 0.00000e+00 6.87002e+04 6.87002e+04 0.00000e+00 6.87002e+04 2.55549e+03 0.00000e+00 0.00000e+00 1.80701e+03 1.80701e+03 0.00000e+00 1.47542e+03 2.59043e+01
8.87500e+02 7.09692e+04 0.00000e+00 0.00000e+00 7.09692e+04 7.09692e+04 0.00000e+00 7.09692e+04 2.67796e+03 0.00000e+00 0.00000e+00 1.89361e+03 1.89361e+03 0.00000e+00 1.54612e+03 2.66571e+01
9.12500e+02 7.32069e+04 0.00000e+00 0.00000e+00 7.32069e+04 7.32069e+04 0.00000e+00 7.32069e+04 2.80085e+03 0.00000e+00 0.00000e+00 1.98050e+03 1.98050e+03 0.00000e+00 1.61707e+03 2.74044e+01
9.37500e+02 7.48126e+04 0.00000e+00 0.00000e+00 7.48126e+04 7.48126e+04 0.00000e+00 7.48126e+04 2.90102e+03 0.00000e+00 0.00000e+00 2.05133e+03 2.05133e+03 0.00000e+00 1.67491e+03 2.81513e+01
9.62500e+02 7.69269e+04 0.00000e+00 0.00000e+00 7.69269e+04 7.69269e+04 0.00000e+00 7.69269e+04 3.02247e+03 0.00000e+00 0.00000e+00 2.13721e+03 2.13721e+03 0.00000e+00 1.74502e+03 2.89022e+01
9.87500e+02 7.87769e+04 0.00000e+00 0.00000e+00 7.87769e+04 7.87769e+04 0.00000e+00 7.87769e+04 3.13548e+03 0.00000e+00 0.00000e+00 2.21712e+03 2.21712e+03 0.00000e+00 1.81027e+03 2.96601e+01
1.01250e+03 8.02927e+04 0.00000e+00 0.00000e+00 8.02927e+04 8.02927e+04 0.00000e+00 8.02927e+04 3.23595e+03 0.00000e+00 0.00000e+00 2.28816e+03 2.28816e+03 0.00000e+00 1.86827e+03 3.04095e+01
1.03750e+03 8.26414e+04 0.00000e+00 0.00000e+00 8.26414e+04 8.26414e+04 0.00000e+00 8.26414e+04 3.37106e+03 0.00000e+00 0.00000e+00 2.38370e+03 2.38370e+03 0.00000e+00 1.94628e+03 3.11527e+01
1.06250e+03 8.44774e+04 0.00000e+00 0.00000e+00 8.44774e+04 8.44774e+04 0.00000e+00 8.44774e+04 3.48722e+03 0.00000e+00 0.00000e+00 2.46584e+03 2.46584e+03 0.00000e+00 2.01335e+03 3.19043e+01
1.08750e+03 8.60891e+04 0.00000e+00 0.00000e+00 8.60891e+04 8.60891e+04 0.00000e+00 8.60891e+04 3.59580e+03 0.00000e+00 0.00000e+00 2.54262e+03 2.54262e+03 0.00000e+00 2.07604e+03 3.26634e+01
1.11250e+03 8.73788e+04 0.00000e+00 0.00000e+00 8.73788e+04 8.73788e+04 0.00000e+00 8.73788e+04 3.69121e+03 0.00000e+00 0.00000e+00 2.61008e+03 2.61008e+03 0.00000e+00 2.13112e+03 3.34107e+01
1.13750e+03 9.01986e+04 0.00000e+00 0.00000e+00 9.01986e+04 9.01986e+04 0.00000e+00 9.01986e+04 3.85256e+03 0.00000e+00 0.00000e+00 2.72417e+03 2.72417e+03 0.00000e+00 2.22428e+03 3.41551e+01
1.16250e+03 9.26036e+04 0.00000e+00 0.00000e+00 9.26036e+04 9.26036e+04 0.00000e+00 9.26036e+04 3.99851e+03 0.00000e+00 0.00000e+00 2.82738e+03 2.82738e+03 0.00000e+00 2.30854e+03 3.49066e+01
1.18750e+03 9.39013e+04 0.00000e+00 0.00000e+00 9.39013e+04 9.39013e+04 0.00000e+00 9.39013e+04 4.09864e+03 0.00000e+00 0.00000e+00 2.89818e+03 2.89818e+03 0.00000e+00 2.36635e+03 3.56695e+01
1.21250e+03 9.52555e+04 0.00000e+00 0.00000e+00 9.52555e+04 9.52555e+04 0.00000e+00 9.52555e+04 4.20104e+03 0.00000e+00 0.00000e+00 2.97059e+03 2.97059e+03 0.00000e+00 2.42547e+03 3.64155e+01
1.23750e+03 9.78300e+04 0.00000e+00 0.00000e+00 9.78300e+04 9.78300e+04 0.00000e+00 9.78300e+04 4.35811e+03 0.00000e+00 0.00000e+00 3.08165e+03 3.08165e+03 0.00000e+00 2.51616e+03 3.71534e+01
1.26250e+03 1.00561e+05 0.00000e+00 0.00000e+00 1.00561e+05 1.00561e+05 0.00000e+00 1.00561e+05 4.52489e+03 0.00000e+00 0.00000e+00 3.19958e+03 3.19958e+03 0.00000e+00 2.61244e+03 3.79059e+01
1.28750e+03 1.01563e+05 0.00000e+00 0.00000e+00 1.01563e+05 1.01563e+05 0.00000e+00 1.01563e+05 4.61566e+03 0.00000e+00 0.00000e+00 3.26377e+03 3.26377e+03 0.00000e+00 2.66485e+03 3.86675e+01
1.31250e+03 1.03791e+05 0.00000e+00 0.00000e+00 1.03791e+05 1.03791e+05 0.00000e+00 1.03791e+05 4.76284e+03 0.00000e+00 0.00000e+00 3.36784e+03 3.36784e+03 0.00000e+00 2.74983e+03 3.94230e+01
1.33750e+03 1.05756e+05 0.00000e+00 0.00000e+00 1.05756e+05 1.05756e+05 0.00000e+00 1.05756e+05 4.89773e+03 0.00000e+00 0.00000e+00 3.46322e+03 3.46322e+03 0.00000e+00 2.82770e+03 4.01518e+01
1.36250e+03 1.09278e+05 0.00000e+00 0.00000e+00 1.09278e+05 1.09278e+05 0.00000e+00 1.09278e+05 5.10840e+03 0.00000e+00 0.00000e+00 3.61218e+03 3.61218e+03 0.00000e+00 2.94934e+03 4.09110e+01
1.38750e+03 1.09974e+05 0.00000e+00 0.00000e+00 1.09974e+05 1.09974e+05 0.00000e+00 1.09974e+05 5.18840e+03 0.00000e+00 0.00000e+00 3.66875e+03 3.66875e+03 0.00000e+00 2.99552e+03 4.16690e+01
1.41250e+03 1.11388e+05 0.00000e+00 0.00000e+00 1.11388e+05 1.11388e+05 0.00000e+00 1.11388e+05 5.30261e+03 0.00000e+00 0.00000e+00 3.74951e+03 3.74951e+03 0.00000e+00 3.06147e+03 4.24252e+01
1.43750e+03 1.14516e+05 0.00000e+00 0.00000e+00 1.14516e+05 1.14516e+05 0.00000e+00 1.14516e+05 5.49858e+03 0.00000e+00 0.00000e+00 3.88808e+03 3.88808e+03 0.00000e+00 3.17461e+03 4.31596e+01
1.46250e+03 1.17644e+05 0.00000e+00 0.00000e+00 1.17644e+05 1.17644e+05 0.00000e+00 1.17644e+05 5.69743e+03 0.00000e+00 0.00000e+00 4.02869e+03 4.02869e+03 0.00000e+00 3.28942e+03 4.39068e+01
1.48750e+03 1.18091e+05 0.00000e+00 0.00000e+00 1.18091e+05 1.18091e+05 0.00000e+00 1.18091e+05 5.76883e+03 0.00000e+00 0.00000e+00 4.07918e+03 4.07918e+03 0.00000e+00 3.33064e+03 4.46734e+01
1.51250e+03 1.19609e+05 0.00000e+00 0.00000e+00 1.19609e+05 1.19609e+05 0.00000e+00 1.19609e+05 5.89196e+03 0.00000e+00 0.00000e+00 4.16624e+03 4.16624e+03 0.00000e+00 3.40172e+03 4.54241e+01
1.53750e+03 1.23030e+05 0.00000e+00 0.00000e+00 1.23030e+05 1.23030e+05 0.00000e+00 1.23030e+05 6.10988e+03 0.00000e+00 0.00000e+00 4.32034e+03 4.32034e+03 0.00000e+00 3.52754e+03 4.61662e+01
1.56250e+03 1.26011e+05 0.00000e+00 0.00000e+00 1.26011e+05 1.26011e+05 0.00000e+00 1.26011e+05 6.30841e+03 0.00000e+00 0.00000e+00 4.46072e+03 4.46072e+03 0.00000e+00 3.64216e+03 4.69153e+01
1.58750e+03 1.27365e+05 0.00000e+00 0.00000e+00 1.27365e+05 1.27365e+05 0.00000e+00 1.27365e+05 6.42754e+03 0.00000e+00 0.00000e+00 4.54496e+03 4.54496e+03 0.00000e+00 3.71094e+03 4.76728e+01
1.61250e+03 1.26945e+05 0.00000e+00 0.00000e+00 1.26945e+05 1.26945e+05 0.00000e+00 1.26945e+05 6.45668e+03 0.00000e+00 0.00000e+00 4.56556e+03 4.56556e+03 0.00000e+00 3.72777e+03 4.84232e+01
1.63750e+03 1.32141e+05 0.00000e+00 0.00000e+00 1.32141e+05 1.32141e+05 0.00000e+00 1.32141e+05 6.77225e+03 0.00000e+00 0.00000e+00 4.78871e+03 4.78871e+03 0.00000e+00 3.90996e+03 4.91642e+01
1.66250e+03 1.34613e+05 0.00000e+00 0.00000e+00 1.34613e+05 1.34613e+05 0.00000e+00 1.34613e+05 6.95178e+03 0.00000e+00 0.00000e+00 4.91565e+03 4.91565e+03 0.00000e+00 4.01361e+03 4.99203e+01
1.68750e+03 1.35071e+05 0.00000e+00 0.00000e+00 1.35071e+05 1.35071e+05 0.00000e+00 1.35071e+05 7.02829e+03 0.00000e+00 0.00000e+00 4.96975e+03 4.96975e+03 0.00000e+00 4.05779e+03 5.06790e+01
1.71250e+03 1.36270e+05 0.00000e+00 0.00000e+00 1.36270e+05 1.36270e+05 0.00000e+00 1.36270e+05 7.14231e+03 0.00000e+00 0.00000e+00 5.05038e+03 5.05038e+03 0.00000e+00 4.12362e+03 5.14184e+01
1.73750e+03 1.40953e+05 0.00000e+00 0.00000e+00 1.40953e+05 1.40953e+05 0.00000e+00 1.40953e+05 7.44117e+03 0.00000e+00 0.00000e+00 5.26170e+03 5.26170e+03 0.00000e+00 4.29616e+03 5.21626e+01
1.76250e+03 1.42026e+05 0.00000e+00 0.00000e+00 1.42026e+05 1.42026e+05 0.00000e+00 1.42026e+05 7.55279e+03 0.00000e+00 0.00000e+00 5.34063e+03 5.34063e+03 0.00000e+00 4.36060e+03 5.29309e+01
1.78750e+03 1.43893e+05 0.00000e+00 0.00000e+00 1.43893e+05 1.43893e+05 0.00000e+00 1.43893e+05 7.70677e+03 0.00000e+00 0.00000e+00 5.44951e+03 5.44951e+03 0.00000e+00 4.44950e+03 5.36894e+01
1.81250e+03 1.46015e+05 0.00000e+00 0.00000e+00 1.46015e+05 1.46015e+05 0.00000e+00 1.46015e+05 7.87340e+03 0.00000e+00 0.00000e+00 5.56734e+03 5.56734e+03 0.00000e+00 4.54571e+03 5.44175e+01
1.83750e+03 1.49496e+05 0.00000e+00 0.00000e+00 1.49496e+05 1.49496e+05 0.00000e+00 1.49496e+05 8.11637e+03 0.00000e+00 0.00000e+00 5.73914e+03 5.73914e+03 0.00000e+00 4.68599e+03 5.51647e+01
1.86250e+03 1.49357e+05 0.00000e+00 0.00000e+00 1.49357e+05 1.49357e+05 0.00000e+00 1.49357e+05 8.16442e+03 0.00000e+00 0.00000e+00 5.77312e+03 5.77312e+03 0.00000e+00 4.71373e+03 5.59246e+01
1.88750e+03 1.52917e+05 0.00000e+00 0.00000e+00 1.52917e+05 1.52917e+05 0.00000e+00 1.52917e+05 8.41614e+03 0.00000e+00 0.00000e+00 5.95111e+03 5.95111e+03 0.00000e+00 4.85906e+03 5.66895e+01
1.91250e+03 1.56554e+05 0.00000e+00 0.00000e+00 1.56554e+05 1.56554e+05 0.00000e+00 1.56554e+05 8.67220e+03 0.00000e+00 0.00000e+00 6.13217e+03 6.13217e+03 0.00000e+00 5.00690e+03 5.74256e+01
1.93750e+03 1.57647e+05 0.00000e+00 0.00000e+00 1.57647e+05 1.57647e+05 0.00000e+00 1.57647e+05 8.78844e+03 0.00000e+00 0.00000e+00 6.21436e+03 6.21436e+03 0.00000e+00 5.07401e+03 5.81589e+01
1.96250e+03 1.59160e+05 0.00000e+00 0.00000e+00 1.59160e+05 1.59160e+05 0.00000e+00 1.59160e+05 8.93134e+03 0.00000e+00 0.00000e+00 6.31541e+03 6.31541e+03 0.00000e+00 5.15651e+03 5.89296e+01
1.98750e+03 1.60573e+05 0.00000e+00 0.00000e+00 1.60573e+05 1.60573e+05 0.00000e+00 1.60573e+05 9.06864e+03 0.00000e+00 0.00000e+00 6.41250e+03 6.41250e+03 0.00000e+00 5.23578e+03 5.96890e+01
2.01250e+03 1.65753e+05 0.00000e+00 0.00000e+00 1.65753e+05 1.65753e+05 0.00000e+00 1.65753e+05 9.41969e+03 0.00000e+00 0.00000e+00 6.66073e+03 6.66073e+03 0.00000e+00 5.43846e+03 6.04360e+01
2.03750e+03 1.67729e+05 0.00000e+00 0.00000e+00 1.67729e+05 1.67729e+05 0.00000e+00 1.67729e+05 9.58920e+03 0.00000e+00 0.00000e+00 6.78059e+03 6.78059e+03 0.00000e+00 5.53633e+03 6.11620e+01
2.06250e+03 1.67071e+05 0.00000e+00 0.00000e+00 1.67071e+05 1.67071e+05 0.00000e+00 1.67071e+05 9.61118e+03 0.00000e+00 0.00000e+00 6.79613e+03 6.79613e+03 0.00000e+00 5.54902e+03 6.19282e+01
2.08750e+03 1.68488e+05 0.00000e+00 0.00000e+00 1.68488e+05 1.68488e+05 0.00000e+00 1.68488e+05 9.75256e+03 0.00000e+00 0.00000e+00 6.89610e+03 6.89610e+03 0.00000e+00 5.63064e+03 6.26933e+01
2.11250e+03 1.75810e+05 0.00000e+00 0.00000e+00 1.75810e+05 1.75810e+05 0.00000e+00 1.75810e+05 1.02370e+04 0.00000e+00 0.00000e+00 7.23866e+03 7.23866e+03 0.00000e+00 5.91034e+03 6.34407e+01
2.13750e+03 1.77184e+05 0.00000e+00 0.00000e+00 1.77184e+05 1.77184e+05 0.00000e+00 1.77184e+05 1.03761e+04 0.00000e+00 0.00000e+00 7.33698e+03 7.33698e+03 0.00000e+00 5.99062e+03 6.41674e+01
2.16250e+03 1.74777e+05 0.00000e+00 0.00000e+00 1.74777e+05 1.74777e+05 0.00000e+00 1.74777e+05 1.02953e+04 0.00000e+00 0.00000e+00 7.27987e+03 7.27987e+03 0.00000e+00 5.94399e+03 6.49244e+01
2.18750e+03 1.78153e+05 0.00000e+00 0.00000e+00 1.78153e+05 1.78153e+05 0.00000e+00 1.78153e+05 1.05562e+04 0.00000e+00 0.00000e+00 7.46438e+03 7.46438e+03 0.00000e+00 6.09464e+03 6.56929e+01
2.21250e+03 1.83923e+05 0.00000e+00 0.00000e+00 1.83923e+05 1.83923e+05 0.00000e+00 1.83923e+05 1.09602e+04 0.00000e+00 0.00000e+00 7.75006e+03 7.75006e+03 0.00000e+00 6.32790e+03 6.64421e+01
2.23750e+03 1.85998e+05 0.00000e+00 0.00000e+00 1.85998e+05 1.85998e+05 0.00000e+00 1.85998e+05 1.11446e+04 0.00000e+00 0.00000e+00 7.88042e+03 7.88042e+03 0.00000e+00 6.43434e+03 6.71701e+01
2.26250e+03 1.85946e+05 0.00000e+00 0.00000e+00 1.85946e+05 1.85946e+05 0.00000e+00 1.85946e+05 1.12038e+04 0.00000e+00 0.00000e+00 7.92226e+03 7.92226e+03 0.00000e+00 6.46850e+03 6.79240e+01
2.28750e+03 1.85613e+05 0.00000e+00 0.00000e+00 1.85613e+05 1.85613e+05 0.00000e+00 1.85613e+05 1.12471e+04 0.00000e+00 0.00000e+00 7.95290e+03 7.95290e+03 0.00000e+00 6.49352e+03 6.86941e+01
2.31250e+03 1.91520e+05 0.00000e+00 0.00000e+00 1.91520e+05 1.91520e+05 0.00000e+00 1.91520e+05 1.16683e+04 0.00000e+00 0.00000e+00 8.25074e+03 8.25074e+03 0.00000e+00 6.73670e+03 6.94426e+01
2.33750e+03 1.95339e+05 0.00000e+00 0.00000e+00 1.95339e+05 1.95339e+05 0.00000e+00 1.95339e+05 1.19639e+04 0.00000e+00 0.00000e+00 8.45973e+03 8.45973e+03 0.00000e+00 6.90734e+03 7.01765e+01
2.36250e+03 1.94259e+05 0.00000e+00 0.00000e+00 1.94259e+05 1.94259e+05 0.00000e+00 1.94259e+05 1.19612e+04 0.00000e+00 0.00000e+00 8.45784e+03 8.45784e+03 0.00000e+00 6.90579e+03 7.09278e+01
2.38750e+03 1.94708e+05 0.00000e+00 0.00000e+00 1.94708e+05 1.94708e+05 0.00000e+00 1.94708e+05 1.20539e+04 0.00000e+00 0.00000e+00 8.52339e+03 8.52339e+03 0.00000e+00 6.95932e+03 7.16982e+01
2.41250e+03 2.01372e+05 0.00000e+00 0.00000e+00 2.01372e+05 2.01372e+05 0.00000e+00 2.01372e+05 1.25308e+04 0.00000e+00 0.00000e+00 8.86064e+03 8.86064e+03 0.00000e+00 7.23468e+03 7.24384e+01
2.43750e+03 2.04906e+05 0.00000e+00 0.00000e+00 2.04906e+05 2.04906e+05 0.00000e+00 2.04906e+05 1.28163e+04 0.00000e+00 0.00000e+00 9.06252e+03 9.06252e+03 0.00000e+00 7.39952e+03 7.31831e+01
2.46250e+03 2.02811e+05 0.00000e+00 0.00000e+00 2.02811e+05 2.02811e+05 0.00000e+00 2.02811e+05 1.27503e+04 0.00000e+00 0.00000e+00 9.01579e+03 9.01579e+03 0.00000e+00 7.36136e+03 7.39350e+01
2.48750e+03 2.05630e+05 0.00000e+00 0.00000e+00 2.05630e+05 2.05630e+05 0.00000e+00 2.05630e+05 1.29930e+04 0.00000e+00 0.00000e+00 9.18747e+03 9.18747e+03 0.00000e+00 7.50153e+03 7.46845e+01
